1_32_32_32_32_0_32_128_32	252096	68128	65759	152512
2_32_32_32_32_0_32_128_32	262176	34715	33178	90039
3_32_32_32_32_0_32_128_32	278976	23896	22871	74841
4_32_32_32_32_0_32_128_32	302496	18072	17495	69685
5_32_32_32_32_0_32_128_32	332736	15064	14295	67908
6_32_32_32_32_0_32_128_32	369696	13016	12247	66666
7_32_32_32_32_0_32_128_32	413376	11992	10711	65641
8_32_32_32_32_0_32_128_32	463776	10904	9687	65163
9_32_32_32_32_0_32_128_32	520896	10072	8791	64914
10_32_32_32_32_0_32_128_32	584736	9752	8151	64859
11_32_32_32_32_0_32_128_32	655296	9345	7767	64850
12_32_32_32_32_0_32_128_32	732576	9112	7255	64841
13_32_32_32_32_0_32_128_32	816576	9048	6871	64840
14_32_32_32_32_0_32_128_32	907296	8344	6615	64810
15_32_32_32_32_0_32_128_32	1004736	7960	6487	64833
16_32_32_32_32_0_32_128_32	1108896	7640	6230	64833
17_32_32_32_32_0_32_128_32	1219776	7192	5846	64753
18_32_32_32_32_0_32_128_32	1337376	7192	5718	64729
19_32_32_32_32_0_32_128_32	1461696	6808	5590	64705
20_32_32_32_32_0_32_128_32	1592736	6808	5462	64704
21_32_32_32_32_0_32_128_32	1730496	6808	5334	64696
22_32_32_32_32_0_32_128_32	1874976	6808	5206	64696
23_32_32_32_32_0_32_128_32	2026176	6808	5078	64696
24_32_32_32_32_0_32_128_32	2184096	6808	5078	64696
25_32_32_32_32_0_32_128_32	2348736	6424	4950	64696
26_32_32_32_32_0_32_128_32	2520096	6424	4950	64696
27_32_32_32_32_0_32_128_32	2698176	6424	4822	64696
28_32_32_32_32_0_32_128_32	2882976	6424	4822	64688
29_32_32_32_32_0_32_128_32	3074496	6424	4822	64688
30_32_32_32_32_0_32_128_32	3272736	6424	4822	64688
31_32_32_32_32_0_32_128_32	3477696	6424	5078	64688
32_32_32_32_32_0_32_128_32	3689376	6424	4950	64688
