1_32_32_32_32_32_32_128_32	2004992	66654	65759	161918
2_32_32_32_32_32_32_128_32	2004992	33602	33178	94594
3_32_32_32_32_32_32_128_32	2004992	22955	22871	78152
4_32_32_32_32_32_32_128_32	2004992	17598	17495	71636
5_32_32_32_32_32_32_128_32	2004992	14549	14295	70347
6_32_32_32_32_32_32_128_32	2004992	12586	12247	67709
7_32_32_32_32_32_32_128_32	2004992	11477	10711	66218
8_32_32_32_32_32_32_128_32	2004992	10111	9687	65736
9_32_32_32_32_32_32_128_32	2004992	9258	8791	65933
10_32_32_32_32_32_32_128_32	2004992	8746	8151	64956
11_32_32_32_32_32_32_128_32	2004992	8149	7767	64945
12_32_32_32_32_32_32_128_32	2004992	7637	7255	64481
13_32_32_32_32_32_32_128_32	2004992	7381	6871	64469
14_32_32_32_32_32_32_128_32	2004992	7381	6615	64470
15_32_32_32_32_32_32_128_32	2004992	7125	6487	64927
16_32_32_32_32_32_32_128_32	2004992	6869	6230	64927
17_32_32_32_32_32_32_128_32	2004992	6784	5846	64862
18_32_32_32_32_32_32_128_32	2004992	6784	5718	64816
19_32_32_32_32_32_32_128_32	2004992	6528	5590	64815
20_32_32_32_32_32_32_128_32	2004992	6528	5462	64815
21_32_32_32_32_32_32_128_32	2004992	6016	5334	64815
22_32_32_32_32_32_32_128_32	2004992	6016	5206	64804
23_32_32_32_32_32_32_128_32	2004992	5760	5078	64804
24_32_32_32_32_32_32_128_32	2004992	5504	5078	64804
25_32_32_32_32_32_32_128_32	2004992	5504	4950	64804
26_32_32_32_32_32_32_128_32	2004992	5248	4950	64804
27_32_32_32_32_32_32_128_32	2004992	5248	4822	64804
28_32_32_32_32_32_32_128_32	2004992	5248	4822	64804
29_32_32_32_32_32_32_128_32	2004992	5248	4822	64775
30_32_32_32_32_32_32_128_32	2004992	5248	4822	64775
31_32_32_32_32_32_32_128_32	2004992	5248	5078	64775
32_32_32_32_32_32_32_128_32	2004992	5248	4950	64798

