1_16_16_16_16_0_16_128_16	596460	65759	139250
2_16_16_16_16_0_16_128_16	596460	33178	84633
3_16_16_16_16_0_16_128_16	596460	22871	71388
4_16_16_16_16_0_16_128_16	596460	17495	67860
5_16_16_16_16_0_16_128_16	596460	14295	66783
6_16_16_16_16_0_16_128_16	596460	12247	65971
7_16_16_16_16_0_16_128_16	596460	10711	65833
8_16_16_16_16_0_16_128_16	596460	9687	65833
9_16_16_16_16_0_16_128_16	596460	8791	65593
10_16_16_16_16_0_16_128_16	596460	8151	65593
11_16_16_16_16_0_16_128_16	596460	7767	65592
12_16_16_16_16_0_16_128_16	596460	7255	65592
13_16_16_16_16_0_16_128_16	596460	6871	65592
14_16_16_16_16_0_16_128_16	596460	6615	65560
15_16_16_16_16_0_16_128_16	596460	6487	65560
16_16_16_16_16_0_16_128_16	596460	6230	65560
